image_width: 640
image_height: 480
camera_name: picam
camera_matrix:
  rows: 3
  cols: 3
  data: [323.203874, 0.000000, 284.837525, 0.000000, 325.548102, 219.740065, 0.000000, 0.000000, 1.000000]
distortion_model: plumb_bob
distortion_coefficients:
  rows: 1
  cols: 5
  data: [-0.277049, 0.060428, -0.001756, -0.002385, 0.000000]
rectification_matrix:
  rows: 3
  cols: 3
  data: [1.000000, 0.000000, 0.000000, 0.000000, 1.000000, 0.000000, 0.000000, 0.000000, 1.000000]
projection_matrix:
  rows: 3
  cols: 4
  data: [232.679016, 0.000000, 278.798934, 0.000000, 0.000000, 259.849304, 206.438561, 0.000000, 0.000000, 0.000000, 1.000000, 0.000000]
