image_width: 720
image_height: 480
camera_name: picam
camera_matrix:
  rows: 3
  cols: 3
  data: [433.759435, 0.000000, 295.349941, 0.000000, 432.628472, 203.076932, 0.000000, 0.000000, 1.000000]
distortion_model: plumb_bob
distortion_coefficients:
  rows: 1
  cols: 5
  data: [-0.319765, 0.091099, 0.001901, -0.001402, 0.000000]
rectification_matrix:
  rows: 3
  cols: 3
  data: [1.000000, 0.000000, 0.000000, 0.000000, 1.000000, 0.000000, 0.000000, 0.000000, 1.000000]
projection_matrix:
  rows: 3
  cols: 4
  data: [337.466675, 0.000000, 277.485195, 0.000000, 0.000000, 380.384705, 194.304023, 0.000000, 0.000000, 0.000000, 1.000000, 0.000000]
